pre-training...
epoch:	0	nll:	10.188181
epoch:	5	nll:	9.508022
